10,0
1
4
0
1
82
0,0,80,0,0
1,2,42
2,42,43
2,3,43
3,43,44
3,4,44
4,44,45
4,5,45
5,45,46
5,6,46
6,46,47
6,7,47
7,47,48
7,8,48
8,48,49
8,9,49
9,49,50
9,10,50
10,50,51
10,11,51
11,51,52
11,12,52
12,52,53
12,13,53
13,53,54
13,14,54
14,54,55
14,15,55
15,55,56
15,16,56
16,56,57
16,17,57
17,57,58
17,18,58
18,58,59
18,19,59
19,59,60
19,20,60
20,60,61
20,21,61
21,61,62
21,22,62
22,62,63
22,23,63
23,63,64
23,24,64
24,64,65
24,25,65
25,65,66
25,26,66
26,66,67
26,27,67
27,67,68
27,28,68
28,68,69
28,29,69
29,69,70
29,30,70
30,70,71
30,31,71
31,71,72
31,32,72
32,72,73
32,33,73
33,73,74
33,34,74
34,74,75
34,35,75
35,75,76
35,36,76
36,76,77
36,37,77
37,77,78
37,38,78
38,78,79
38,39,79
39,79,80
39,40,80
40,80,81
40,41,81
41,81,82
1,1
1,2
1,3
1,4
1,5
1,6
1,7
2,3
2,4
2,5
2,7
3,3
3,4
3,5
3,7
4,3
4,4
4,5
4,7
5,3
5,4
5,5
5,7
6,3
6,4
6,5
6,7
7,3
7,4
7,5
7,7
8,3
8,4
8,5
8,7
9,3
9,4
9,5
9,7
10,3
10,4
10,5
10,7
11,3
11,4
11,5
11,7
12,3
12,4
12,5
12,7
13,3
13,4
13,5
13,7
14,3
14,4
14,5
14,7
15,3
15,4
15,5
15,7
16,3
16,4
16,5
16,7
17,3
17,4
17,5
17,7
18,3
18,4
18,5
18,7
19,3
19,4
19,5
19,7
20,3
20,4
20,5
20,7
21,3
21,4
21,5
21,7
22,3
22,4
22,5
22,7
23,3
23,4
23,5
23,7
24,3
24,4
24,5
24,7
25,3
25,4
25,5
25,7
26,3
26,4
26,5
26,7
27,3
27,4
27,5
27,7
28,3
28,4
28,5
28,7
29,3
29,4
29,5
29,7
30,3
30,4
30,5
30,7
31,3
31,4
31,5
31,7
32,3
32,4
32,5
32,7
33,3
33,4
33,5
33,7
34,3
34,4
34,5
34,7
35,3
35,4
35,5
35,7
36,3
36,4
36,5
36,7
37,3
37,4
37,5
37,7
38,3
38,4
38,5
38,7
39,3
39,4
39,5
39,7
40,3
40,4
40,5
40,7
41,3
41,4
41,5
41,7
42,1
42,2
42,3
42,4
42,5
42,6
42,7
43,3
43,4
43,5
43,7
44,3
44,4
44,5
44,7
45,3
45,4
45,5
45,7
46,3
46,4
46,5
46,7
47,3
47,4
47,5
47,7
48,3
48,4
48,5
48,7
49,3
49,4
49,5
49,7
50,3
50,4
50,5
50,7
51,3
51,4
51,5
51,7
52,3
52,4
52,5
52,7
53,3
53,4
53,5
53,7
54,3
54,4
54,5
54,7
55,3
55,4
55,5
55,7
56,3
56,4
56,5
56,7
57,3
57,4
57,5
57,7
58,3
58,4
58,5
58,7
59,3
59,4
59,5
59,7
60,3
60,4
60,5
60,7
61,3
61,4
61,5
61,7
62,3
62,4
62,5
62,7
63,3
63,4
63,5
63,7
64,3
64,4
64,5
64,7
65,3
65,4
65,5
65,7
66,3
66,4
66,5
66,7
67,3
67,4
67,5
67,7
68,3
68,4
68,5
68,7
69,3
69,4
69,5
69,7
70,3
70,4
70,5
70,7
71,3
71,4
71,5
71,7
72,3
72,4
72,5
72,7
73,3
73,4
73,5
73,7
74,3
74,4
74,5
74,7
75,3
75,4
75,5
75,7
76,3
76,4
76,5
76,7
77,3
77,4
77,5
77,7
78,3
78,4
78,5
78,7
79,3
79,4
79,5
79,7
80,3
80,4
80,5
80,7
81,3
81,4
81,5
81,7
82,3
82,4
82,5
82,7
0,0
0,0
0,0,0
0.1,0,0
0.2,0,0
0.3,0,0
0.4,0,0
0.5,0,0
0.6,0,0
0.7,0,0
0.8,0,0
0.9,0,0
1,0,0
1.1,0,0
1.2,0,0
1.3,0,0
1.4,0,0
1.5,0,0
1.6,0,0
1.7,0,0
1.8,0,0
1.9,0,0
2,0,0
2.1,0,0
2.2,0,0
2.3,0,0
2.4,0,0
2.5,0,0
2.6,0,0
2.7,0,0
2.8,0,0
2.9,0,0
3,0,0
3.1,0,0
3.2,0,0
3.3,0,0
3.4,0,0
3.5,0,0
3.6,0,0
3.7,0,0
3.8,0,0
3.9,0,0
4,0,0
0,0,0.2
0.1,0,0.2
0.2,0,0.2
0.3,0,0.2
0.4,0,0.2
0.5,0,0.2
0.6,0,0.2
0.7,0,0.2
0.8,0,0.2
0.9,0,0.2
1,0,0.2
1.1,0,0.2
1.2,0,0.2
1.3,0,0.2
1.4,0,0.2
1.5,0,0.2
1.6,0,0.2
1.7,0,0.2
1.8,0,0.2
1.9,0,0.2
2,0,0.2
2.1,0,0.2
2.2,0,0.2
2.3,0,0.2
2.4,0,0.2
2.5,0,0.2
2.6,0,0.2
2.7,0,0.2
2.8,0,0.2
2.9,0,0.2
3,0,0.2
3.1,0,0.2
3.2,0,0.2
3.3,0,0.2
3.4,0,0.2
3.5,0,0.2
3.6,0,0.2
3.7,0,0.2
3.8,0,0.2
3.9,0,0.2
4,0,0.2
2500000,0.35,0.03,0.1,2440
2500000,0.35,0.03,0.1,2440
2500000,0.35,0.03,0.1,2440
2500000,0.35,0.03,0.1,2440
2500000,0.35,0.03,0.1,2440
2500000,0.35,0.03,0.1,2440
2500000,0.35,0.03,0.1,2440
2500000,0.35,0.03,0.1,2440
2500000,0.35,0.03,0.1,2440
2500000,0.35,0.03,0.1,2440
2500000,0.35,0.03,0.1,2440
2500000,0.35,0.03,0.1,2440
2500000,0.35,0.03,0.1,2440
2500000,0.35,0.03,0.1,2440
2500000,0.35,0.03,0.1,2440
2500000,0.35,0.03,0.1,2440
2500000,0.35,0.03,0.1,2440
2500000,0.35,0.03,0.1,2440
2500000,0.35,0.03,0.1,2440
2500000,0.35,0.03,0.1,2440
2500000,0.35,0.03,0.1,2440
2500000,0.35,0.03,0.1,2440
2500000,0.35,0.03,0.1,2440
2500000,0.35,0.03,0.1,2440
2500000,0.35,0.03,0.1,2440
2500000,0.35,0.03,0.1,2440
2500000,0.35,0.03,0.1,2440
2500000,0.35,0.03,0.1,2440
2500000,0.35,0.03,0.1,2440
2500000,0.35,0.03,0.1,2440
2500000,0.35,0.03,0.1,2440
2500000,0.35,0.03,0.1,2440
2500000,0.35,0.03,0.1,2440
2500000,0.35,0.03,0.1,2440
2500000,0.35,0.03,0.1,2440
2500000,0.35,0.03,0.1,2440
2500000,0.35,0.03,0.1,2440
2500000,0.35,0.03,0.1,2440
2500000,0.35,0.03,0.1,2440
2500000,0.35,0.03,0.1,2440
2500000,0.35,0.03,0.1,2440
2500000,0.35,0.03,0.1,2440
2500000,0.35,0.03,0.1,2440
2500000,0.35,0.03,0.1,2440
2500000,0.35,0.03,0.1,2440
2500000,0.35,0.03,0.1,2440
2500000,0.35,0.03,0.1,2440
2500000,0.35,0.03,0.1,2440
2500000,0.35,0.03,0.1,2440
2500000,0.35,0.03,0.1,2440
2500000,0.35,0.03,0.1,2440
2500000,0.35,0.03,0.1,2440
2500000,0.35,0.03,0.1,2440
2500000,0.35,0.03,0.1,2440
2500000,0.35,0.03,0.1,2440
2500000,0.35,0.03,0.1,2440
2500000,0.35,0.03,0.1,2440
2500000,0.35,0.03,0.1,2440
2500000,0.35,0.03,0.1,2440
2500000,0.35,0.03,0.1,2440
2500000,0.35,0.03,0.1,2440
2500000,0.35,0.03,0.1,2440
2500000,0.35,0.03,0.1,2440
2500000,0.35,0.03,0.1,2440
2500000,0.35,0.03,0.1,2440
2500000,0.35,0.03,0.1,2440
2500000,0.35,0.03,0.1,2440
2500000,0.35,0.03,0.1,2440
2500000,0.35,0.03,0.1,2440
2500000,0.35,0.03,0.1,2440
2500000,0.35,0.03,0.1,2440
2500000,0.35,0.03,0.1,2440
2500000,0.35,0.03,0.1,2440
2500000,0.35,0.03,0.1,2440
2500000,0.35,0.03,0.1,2440
2500000,0.35,0.03,0.1,2440
2500000,0.35,0.03,0.1,2440
2500000,0.35,0.03,0.1,2440
2500000,0.35,0.03,0.1,2440
2500000,0.35,0.03,0.1,2440
30,0.03
0,0,0
0,0,0
0,0,0,0,0
0,1
0.001,0.001,0.001