4,0
1
4
0
1
6
0,0,4,0,0
1,2,6
2,3,6
3,5,6
3,4,5
1,1
1,2
1,3
1,4
1,5
1,6
2,1
2,2
2,3
2,4
2,5
2,6
0,0
0,0
0,0,0
0.25,0,0
0.25,0.5,0
0.25,1,0
0,1,0
0,0.5,0
210000000000,0.3,0.009,8050,345000000
210000000000,0.3,0.009,8050,345000000
210000000000,0.3,0.009,8050,345000000
210000000000,0.3,0.009,8050,345000000
16,0.26934
4,3,0
4,3,-35.3546
4,3,-50
4,3,-35.3576
4,3,-0.0042
4,3,35.3517
4,3,50
4,3,35.3605
4,3,0.0084
4,3,-35.3487
4,3,-50
4,3,-35.3634
4,3,-0.0125
4,3,35.3457
4,3,50
4,3,35.36641
4,3,0.0167
5,3,0
5,3,-35.3546
5,3,-50
5,3,-35.3576
5,3,-0.0042
5,3,35.3517
5,3,50
5,3,35.3605
5,3,0.0084
5,3,-35.3487
5,3,-50
5,3,-35.3634
5,3,-0.0125
5,3,35.3457
5,3,50
5,3,35.36641
5,3,0.0167
0,0,0
0,0,0
0,0,0,0,0
0,1
0.001,0.001,0.001