4,1
2
5
0
1
6
0,0,4,0,0
1,2,6
2,3,6
3,5,6
3,4,5
1,1
1,2
1,4
1,5
1,6
1,7
2,1
2,2
2,4
2,5
2,6
2,7
3,4
3,6
3,7
4,4
4,6
4,7
5,4
5,6
5,7
6,4
6,6
6,7
0,0
1,3
2,3
0,0
0,0,0
0.25,0,0
0.25,0.5,0
0.25,1,0
0,1,0
0,0.5,0
5600000.0,0.40,0.02,1000.0,2200000.0
5600000.0,0.40,0.02,1000.0,2200000.0
5600000.0,0.40,0.02,1000.0,2200000.0
5600000.0,0.40,0.02,1000.0,2200000.0
19,0.02
0,0,0.0
1,3,1.256629e-04
1,3,2.513208e-04
1,3,3.769688e-04
1,3,5.026019e-04
1,3,6.282152e-04
1,3,7.538037e-04
1,3,8.793624e-04
1,3,1.004886e-03
1,3,1.130371e-03
1,3,1.255810e-03
1,3,1.381201e-03
1,3,1.506536e-03
1,3,1.631812e-03
1,3,1.757024e-03
1,3,1.882166e-03
1,3,2.007234e-03
1,3,2.132223e-03
1,3,2.257128e-03
1,3,2.381943e-03
1,3,2.506665e-03
2,3,1.256629e-04
2,3,2.513208e-04
2,3,3.769688e-04
2,3,5.026019e-04
2,3,6.282152e-04
2,3,7.538037e-04
2,3,8.793624e-04
2,3,1.004886e-03
2,3,1.130371e-03
2,3,1.255810e-03
2,3,1.381201e-03
2,3,1.506536e-03
2,3,1.631812e-03
2,3,1.757024e-03
2,3,1.882166e-03
2,3,2.007234e-03
2,3,2.132223e-03
2,3,2.257128e-03
2,3,2.381943e-03
2,3,2.506665e-03
0,0,0
0,0,0,0,0
0,1.0
1.0,0.1,0.1,10,0.1
1000, 1000, 1000
0.001,0.001,0.001