10,0
3
5
0
1
11
0,10,0,0,0
1,2
2,3
3,4
4,5
5,6
6,7
7,8
8,9
9,10
10,11
1,1
1,2
1,3
1,4
1,5
1,6
0,0
0,0
0,0,0
0.1,0,0
0.2,0,0
0.3,0,0
0.4,0,0
0.5,0,0
0.6,0,0
0.7,0,0
0.8,0,0
0.9,0,0
1,0,0
210000000000,81000000000,8050,0.000441,0.00000001620675,0.00000001620675, 0.0000000324135, 0.000000027348891
210000000000,81000000000,8050,0.000441,0.00000001620675,0.00000001620675, 0.0000000324135, 0.000000027348891
210000000000,81000000000,8050,0.000441,0.00000001620675,0.00000001620675, 0.0000000324135, 0.000000027348891
210000000000,81000000000,8050,0.000441,0.00000001620675,0.00000001620675, 0.0000000324135, 0.000000027348891
210000000000,81000000000,8050,0.000441,0.00000001620675,0.00000001620675, 0.0000000324135, 0.000000027348891
210000000000,81000000000,8050,0.000441,0.00000001620675,0.00000001620675, 0.0000000324135, 0.000000027348891
210000000000,81000000000,8050,0.000441,0.00000001620675,0.00000001620675, 0.0000000324135, 0.000000027348891
210000000000,81000000000,8050,0.000441,0.00000001620675,0.00000001620675, 0.0000000324135, 0.000000027348891
210000000000,81000000000,8050,0.000441,0.00000001620675,0.00000001620675, 0.0000000324135, 0.000000027348891
210000000000,81000000000,8050,0.000441,0.00000001620675,0.00000001620675, 0.0000000324135, 0.000000027348891
0,0,0,0,0,0,0
0.5,1,0
0.5,1,0
0.5,1,0
0.5,1,0
0.5,1,0
0.5,1,0
0.5,1,0
0.5,1,0
0.5,1,0
0.5,1,0
345000000,0.0000015435,0.0000015435
345000000,0.0000015435,0.0000015435
345000000,0.0000015435,0.0000015435
345000000,0.0000015435,0.0000015435
345000000,0.0000015435,0.0000015435
345000000,0.0000015435,0.0000015435
345000000,0.0000015435,0.0000015435
345000000,0.0000015435,0.0000015435
345000000,0.0000015435,0.0000015435
345000000,0.0000015435,0.0000015435
0,0,0,0,0
16,0.11538
11,1,-2796
11,1,-2796
11,1,-2796
11,1,-2796
11,1,-2796
11,1,-2796
11,1,-2796
11,1,-2796
11,1,-2796
11,1,-2796
11,1,-2796
11,1,-2796
11,1,-2796
11,1,-2796
11,1,-2796
11,1,-2796
11,1,-2796
11,2,0
11,2,-77.78166
11,2,-110
11,2,-77.78199
11,2,-0.000532187
11,2,77.78133
11,2,110
11,2,77.78243
11,2,0.001064373
11,2,-77.78089
11,2,-110
11,2,-77.78276
11,2,-0.001596562
11,2,77.7832
11,2,110
11,2,77.7832
11,2,0.002128742
0,0,0
0,0,0
0,0,0,0,0
1,0.9
1, 0.1, 0.1, 10, 0.1
1000, 1000, 1000
0.0001,0.0001,0.0001